1,6,0 1,7,0 1,6,1 1,7,1 1,6,0 1,7,0 1,6,1 1,7,1 1,6,0 1,7,0 1,6,1 1,7,1
1,6,1 1,7,1 1,6,0 1,7,0 1,6,1 1,7,1 1,6,0 1,7,0 1,6,1 1,7,1 1,6,0 1,7,0
1,6,0 1,7,0 1,6,1 1,7,1 1,6,0 1,7,0 1,6,1 1,7,1 1,6,0 1,7,0 1,6,1 1,7,1
1,6,1 1,7,1 1,6,0 1,7,0 1,6,1 1,7,1 1,6,0 1,7,0 1,6,1 1,7,1 1,6,0 1,7,0
1,6,0 1,7,0 1,6,1 1,7,1 1,6,0 1,7,0 1,6,1 1,7,1 1,6,0 1,7,0 1,6,1 1,7,1
1,6,1 1,7,1 1,6,0 1,7,0 1,6,1 1,7,1 1,6,0 1,7,0 1,6,1 1,7,1 1,6,0 1,7,0
1,6,0 1,7,0 1,6,1 1,7,1 1,6,0 1,7,0 1,6,1 1,7,1 1,6,0 1,7,0 1,6,1 1,7,1
1,6,1 1,7,1 1,6,0 1,7,0 1,6,1 1,7,1 1,6,0 1,7,0 1,6,1 1,7,1 1,6,0 1,7,0
hard = hall
script = hall
indoor = yes
